TwoOp1
0 001 000000000000 mov      x1x | xx1
1 001 000000000000 movb
0 010 000000000000 cmp
1 010 000000000000 cmpb
0 011 000000000000 bit
1 011 000000000000 bitb
0 100 000000000000 bic
1 100 000000000000 bicb
0 101 000000000000 bis
1 101 000000000000 bisb
0 110 000000000000 add
1 110 000000000000 sub

TwoOp2
0 111000 000000000 mul      0111
0 111001 000000000 div
0 111010 000000000 ash
0 111011 000000000 ashc
0 111100 000000000 xor

Sob
0111111 000000000 sob


OneOp
0 000 000001 000000 jmp     x000
0 000 000011 000000 swab
0 000 101000 000000 clr
1 000 101000 000000 clrb
0 000 101001 000000 com
1 000 101001 000000 comb
0 000 101010 000000 inc
1 000 101010 000000 incb
0 000 101011 000000 dec
1 000 101011 000000 decb
0 000 101100 000000 neg
1 000 101100 000000 negb
0 000 101101 000000 adc
1 000 101101 000000 adcb
0 000 101110 000000 sbc
1 000 101110 000000 sbcb
0 000 101111 000000 tst
1 000 101111 000000 tstb
0 000 110000 000000 ror
1 000 110000 000000 rorb
0 000 110001 000000 rol
1 000 110001 000000 rolb
0 000 110010 000000 asr
1 000 110010 000000 asrb
0 000 110011 000000 asl
1 000 110011 000000 aslb
1 000 110100 000000 mtps
0 000 110101 000000 mfpi
1 000 110101 000000 mfpd
0 000 110110 000000 mtpi
1 000 110110 000000 mtpd
0 000 110111 000000 sxt
1 000 110111 000000 mfps

Jsr
0000100 000000000 jsr


Branch
0 0000 001 00000000 br     x0000
0 0000 010 00000000 bne
0 0000 011 00000000 beq
0 0000 100 00000000 bge
0 0000 101 00000000 blt
0 0000 110 00000000 bgt
0 0000 111 00000000 ble
1 0000 000 00000000 bpl
1 0000 001 00000000 bmi
1 0000 010 00000000 bhi
1 0000 011 00000000 blos
1 0000 100 00000000 bvc
1 0000 101 00000000 bvs
1 0000 110 00000000 bcc
1 0000 110 00000000 bhis
1 0000 111 00000000 bcs
1 0000 111 00000000 blo

Rts
0000000010000 000 rts

Trap
1000100 000000000 emt
1000100 100000000 trap

Opcode
0000000000000000 halt
0000000000000001 wait
0000000000000010 rti
0000000000000011 bpt
0000000000000100 iot
0000000000000101 reset

00000000101 00001 clc
00000000101 00010 clv
00000000101 00100 clz
00000000101 01000 cln
00000000101 10001 sec
00000000101 10010 sev
00000000101 10100 sez
00000000101 11000 sen
00000000101 11111 scc
00000000101 01111 ccc
00000000101 00000 nop
